0, 346
1, 346
2, 346
3, 346
4, 347
5, 347
6, 347
7, 347
8, 347
9, 347
10, 347
11, 347
12, 347
13, 347
14, 347
15, 347
16, 347
17, 347
18, 347
19, 347
20, 347
21, 347
22, 347
23, 347
24, 347
25, 347
26, 347
27, 347
28, 347
29, 347
30, 347
31, 347
32, 347
33, 347
34, 347
35, 347
36, 347
37, 347
38, 347
39, 347
40, 347
41, 347
42, 347
43, 347
44, 347
45, 347
46, 347
47, 347
48, 348
49, 348
50, 348
51, 349
52, 349
53, 349
54, 350
55, 350
56, 350
57, 350
58, 350
59, 350
60, 350
61, 350
62, 350
63, 350
64, 350
65, 350
66, 350
67, 349
67, 350
68, 349
69, 349
70, 349
71, 349
72, 348
72, 349
73, 348
74, 348
75, 348
76, 348
77, 348
78, 348
79, 348
80, 348
81, 348
82, 348
83, 348
84, 348
85, 348
86, 348
87, 348
88, 348
89, 348
90, 348
91, 348
92, 348
93, 349
94, 349
95, 349
96, 349
97, 349
98, 349
99, 349
100, 349
101, 349
102, 349
103, 349
104, 349
105, 349
106, 349
107, 349
108, 349
109, 349
110, 349
111, 349
112, 349
113, 349
114, 349
115, 349
116, 349
117, 349
118, 349
119, 349
120, 349
121, 349
122, 349
123, 349
124, 349
125, 349
126, 349
127, 350
128, 350
129, 350
130, 350
131, 350
132, 350
133, 350
134, 350
135, 350
136, 350
137, 350
138, 350
139, 350
140, 350
141, 350
142, 351
143, 351
144, 351
145, 352
146, 352
147, 352
148, 352
149, 352
150, 352
151, 352
152, 352
153, 352
154, 352
155, 352
156, 352
156, 353
157, 353
158, 353
159, 353
160, 353
161, 353
162, 353
163, 353
164, 353
165, 353
166, 353
167, 353
168, 353
169, 353
170, 353
171, 353
172, 353
173, 353
174, 354
175, 354
176, 353
176, 354
177, 353
178, 353
179, 353
180, 352
181, 352
182, 352
183, 352
184, 352
185, 352
186, 351
187, 351
188, 351
189, 351
190, 351
191, 351
192, 351
193, 350
194, 350
195, 350
196, 350
197, 350
198, 350
199, 350
200, 350
201, 350
202, 349
202, 350
203, 349
204, 349
205, 349
206, 349
207, 348
208, 348
209, 348
210, 348
211, 348
212, 348
213, 348
214, 347
215, 347
216, 347
217, 347
218, 347
219, 347
220, 347
221, 347
222, 347
223, 347
224, 347
225, 347
226, 347
227, 347
228, 347
229, 347
230, 347
231, 347
232, 347
233, 347
234, 347
235, 347
236, 347
237, 347
238, 347
239, 347
240, 347
241, 347
242, 347
243, 347
244, 347
245, 347
246, 347
247, 347
248, 347
249, 347
250, 347
251, 347
252, 347
253, 347
254, 347
255, 347
256, 347
257, 347
258, 347
259, 347
260, 347
261, 347
262, 347
263, 347
264, 347
265, 347
266, 347
267, 347
268, 347
269, 347
270, 347
271, 347
272, 347
273, 347
274, 347
275, 348
276, 348
277, 348
278, 348
279, 348
280, 348
281, 348
282, 348
283, 348
284, 348
285, 348
286, 349
287, 349
288, 349
289, 349
290, 349
291, 349
292, 349
293, 349
294, 349
295, 349
296, 349
297, 349
297, 350
298, 350
299, 350
300, 350
301, 350
302, 350
303, 351
304, 351
305, 351
306, 351
307, 351
308, 351
309, 351
310, 351
311, 351
312, 351
313, 351
314, 351
315, 351
316, 351
317, 351
318, 350
318, 351
319, 350
320, 350
321, 350
322, 350
323, 350
324, 350
325, 350
326, 350
327, 350
328, 350
329, 350
330, 350
331, 350
332, 350
333, 350
333, 351
334, 351
335, 351
336, 351
336, 352
337, 352
338, 352
339, 352
340, 353
341, 353
342, 353
343, 353
344, 353
345, 353
346, 353
347, 353
348, 353
349, 353
350, 353
351, 353
352, 353
353, 353
354, 353
355, 353
356, 353
357, 353
358, 353
359, 353
360, 353
361, 353
362, 353
363, 353
364, 353
365, 353
365, 354
366, 354
367, 354
368, 354
369, 354
370, 354
371, 354
372, 354
373, 354
374, 354
375, 354
376, 354
377, 354
378, 354
379, 354
380, 354
381, 354
382, 354
383, 354
384, 353
385, 353
386, 353
387, 353
388, 353
389, 353
390, 353
391, 353
392, 353
393, 353
394, 353
395, 353
396, 353
397, 353
398, 353
399, 353
400, 353
401, 354
402, 354
403, 354
404, 354
405, 354
406, 354
407, 354
408, 354
409, 354
410, 354
411, 354
411, 355
412, 355
413, 355
414, 355
415, 355
416, 355
417, 355
418, 355
419, 355
420, 355
421, 355
422, 355
423, 355
424, 355
425, 355
426, 355
427, 355
428, 355
429, 355
430, 355
431, 355
432, 355
433, 355
434, 355
435, 355
436, 355
437, 355
438, 355
439, 355
440, 355
441, 355
442, 355
443, 355
444, 355
445, 355
446, 355
447, 355
448, 354
449, 354
450, 354
451, 354
452, 354
453, 354
454, 354
455, 354
456, 354
457, 354
458, 354
459, 353
459, 354
460, 353
461, 353
462, 352
462, 353
463, 352
464, 352
465, 352
466, 351
467, 351
468, 351
469, 351
470, 351
471, 351
472, 351
473, 351
474, 351
475, 351
476, 351
477, 351
478, 351
479, 351
480, 351
481, 351
482, 351
483, 351
484, 351
485, 351
486, 351
487, 351
488, 351
489, 351
490, 351
491, 350
492, 350
493, 350
494, 350
495, 350
496, 350
497, 350
498, 350
499, 350
500, 350
501, 350
502, 350
503, 350
504, 350
505, 350
506, 350
507, 350
508, 350
509, 350
510, 350
511, 350
512, 350
513, 350
514, 350
515, 350
516, 350
517, 350
518, 350
519, 350
520, 350
521, 350
522, 350
523, 350
524, 350
525, 350
526, 350
527, 350
528, 350
529, 350
530, 350
531, 350
532, 350
533, 350
534, 350
535, 350
536, 350
537, 350
538, 350
539, 350
540, 350
541, 350
542, 350
543, 350
544, 350
545, 350
546, 350
547, 350
548, 350
549, 350
550, 350
551, 350
552, 350
553, 350
554, 350
555, 350
556, 350
557, 350
558, 350
559, 350
560, 350
561, 350
562, 350
563, 350
564, 350
565, 350
566, 350
567, 349
568, 349
569, 348
570, 348
571, 347
572, 347
573, 347
574, 346
574, 347
575, 346
576, 346
577, 346
578, 346
579, 346
580, 346
581, 346
582, 346
583, 346
584, 346
585, 347
586, 347
587, 347
588, 347
589, 347
590, 347
591, 347
592, 347
593, 348
594, 348
595, 348
596, 348
597, 348
598, 348
599, 348
600, 348
601, 348
602, 348
603, 348
604, 348
605, 348
606, 348
607, 348
608, 348
609, 348
610, 348
611, 348
612, 348
613, 348
614, 348
615, 348
616, 348
617, 348
618, 348
619, 348
620, 348
621, 348
622, 348
623, 348
624, 348
625, 348
626, 348
627, 349
628, 349
629, 349
629, 350
630, 350
631, 350
632, 350
633, 350
634, 350
635, 351
636, 351
637, 351
638, 351
639, 351
640, 351
641, 351
642, 351
643, 351
644, 351
645, 351
646, 352
647, 352
648, 352
649, 352
650, 352
651, 352
652, 352
653, 352
654, 352
655, 352
656, 352
657, 352
658, 352
659, 352
660, 352
661, 352
662, 352
663, 352
664, 352
665, 352
666, 352
667, 352
668, 352
669, 352
670, 352
671, 352
672, 352
673, 352
674, 352
675, 351
675, 352
676, 351
677, 351
678, 351
679, 351
680, 351
681, 351
682, 351
683, 351
684, 351
685, 351
686, 351
687, 351
688, 351
689, 351
690, 351
691, 351
692, 352
693, 352
694, 352
695, 352
696, 352
697, 352
698, 352
699, 352
700, 352
701, 353
702, 353
703, 353
704, 353
705, 354
706, 354
707, 354
708, 354
709, 354
710, 354
711, 354
712, 355
713, 355
714, 355
715, 355
716, 355
717, 355
718, 355
719, 354
720, 354
721, 354
722, 353
723, 353
724, 353
725, 353
726, 353
727, 353
728, 353
729, 353
730, 353
731, 353
732, 353
733, 354
734, 354
735, 354
736, 354
737, 354
738, 354
739, 354
739, 355
740, 355
741, 355
742, 355
743, 355
744, 355
745, 355
746, 356
747, 356
748, 356
749, 356
750, 356
751, 356
752, 356
753, 356
754, 356
755, 355
755, 356
756, 355
757, 355
758, 355
759, 355
760, 355
761, 355
762, 355
763, 355
764, 355
765, 355
766, 355
767, 355
768, 355
768, 356
769, 356
770, 356
771, 356
772, 356
772, 357
773, 357
774, 357
775, 357
776, 357
777, 357
778, 357
779, 357
780, 357
781, 357
782, 357
783, 356
783, 357
784, 356
785, 356
786, 356
787, 356
788, 356
789, 356
790, 356
791, 356
792, 356
793, 356
794, 356
795, 355
795, 356
796, 355
797, 355
798, 354
798, 355
799, 354
800, 354
801, 354
802, 354
803, 354
804, 354
805, 354
806, 354
807, 354
808, 354
809, 354
810, 354
811, 354
812, 354
813, 354
814, 354
815, 354
816, 354
817, 354
818, 354
819, 354
820, 354
821, 354
822, 354
823, 354
824, 354
825, 354
826, 354
827, 354
828, 354
829, 354
830, 354
831, 354
832, 354
833, 354
834, 354
834, 354